scan loop image frame stagePos time timeStamp exposureTime kineticCycleTime temperature unstabalizedTemperature baseline baselineOffset mcp gain preamplifierGain outputAmplifier averagingFilterMode averagingFactor nioseFilster threshold detectionWavelength 
17 1 10 0 1.055200E+2 1441423102 0 60 60.1257 -999 -89.78 0 0 0 1000 0 0 1 0 0 0 0  
17 1 11 0 1.055350E+2 1441423164 0 60 60.1257 -999 -89.78 0 0 0 1000 0 0 1 0 0 0 0  
17 1 12 0 1.055500E+2 1441423226 0 60 60.1257 -999 -89.78 0 0 0 1000 0 0 1 0 0 0 0  
17 1 13 0 1.055650E+2 1441423289 0 60 60.1257 -999 -89.78 0 0 0 1000 0 0 1 0 0 0 0  
17 1 14 0 1.055800E+2 1441423351 0 60 60.1257 -999 -89.78 0 0 0 1000 0 0 1 0 0 0 0  
17 1 15 0 1.055950E+2 1441423413 0 60 60.1257 -999 -89.78 0 0 0 1000 0 0 1 0 0 0 0  
17 1 16 0 1.056100E+2 1441423476 0 60 60.1257 -999 -89.78 0 0 0 1000 0 0 1 0 0 0 0  
17 1 17 0 1.056250E+2 1441423538 0 60 60.1257 -999 -89.78 0 0 0 1000 0 0 1 0 0 0 0  
17 1 18 0 1.056400E+2 1441423600 0 60 60.1257 -999 -89.78 0 0 0 1000 0 0 1 0 0 0 0  
17 1 19 0 1.056550E+2 1441423662 0 60 60.1257 -89.78 -999 0 0 0 1000 0 0 1 0 0 0 0  
17 1 1 0 1.053000E+2 1441422541 0 60 60.1257 -999 -90.89 0 0 0 1000 0 0 1 0 0 0 0  
17 1 20 0 1.056700E+2 1441423725 0 60 60.1257 -89.78 -999 0 0 0 1000 0 0 1 0 0 0 0  
17 1 21 0 1.056850E+2 1441423787 0 60 60.1257 -89.78 -999 0 0 0 1000 0 0 1 0 0 0 0  
17 1 22 0 1.057000E+2 1441423849 0 60 60.1257 -89.78 -999 0 0 0 1000 0 0 1 0 0 0 0  
17 1 23 0 1.057150E+2 1441423912 0 60 60.1257 -89.78 -999 0 0 0 1000 0 0 1 0 0 0 0  
17 1 24 0 1.057300E+2 1441423974 0 60 60.1257 -89.78 -999 0 0 0 1000 0 0 1 0 0 0 0  
17 1 25 0 1.057450E+2 1441424036 0 60 60.1257 -89.78 -999 0 0 0 1000 0 0 1 0 0 0 0  
17 1 26 0 1.057600E+2 1441424098 0 60 60.1257 -89.78 -999 0 0 0 1000 0 0 1 0 0 0 0  
17 1 27 0 1.057750E+2 1441424160 0 60 60.1257 -89.78 -999 0 0 0 1000 0 0 1 0 0 0 0  
17 1 28 0 1.057900E+2 1441424223 0 60 60.1257 -89.78 -999 0 0 0 1000 0 0 1 0 0 0 0  
17 1 29 0 1.058050E+2 1441424285 0 60 60.1257 -89.78 -999 0 0 0 1000 0 0 1 0 0 0 0  
17 1 2 0 1.054000E+2 1441422604 0 60 60.1257 -999 -90.73 0 0 0 1000 0 0 1 0 0 0 0  
17 1 30 0 1.058200E+2 1441424347 0 60 60.1257 -89.78 -999 0 0 0 1000 0 0 1 0 0 0 0  
17 1 31 0 1.058350E+2 1441424410 0 60 60.1257 -89.78 -999 0 0 0 1000 0 0 1 0 0 0 0  
17 1 32 0 1.058500E+2 1441424472 0 60 60.1257 -89.78 -999 0 0 0 1000 0 0 1 0 0 0 0  
17 1 33 0 1.058650E+2 1441424534 0 60 60.1257 -89.78 -999 0 0 0 1000 0 0 1 0 0 0 0  
17 1 34 0 1.058800E+2 1441424597 0 60 60.1257 -89.78 -999 0 0 0 1000 0 0 1 0 0 0 0  
17 1 35 0 1.058950E+2 1441424659 0 60 60.1257 -89.78 -999 0 0 0 1000 0 0 1 0 0 0 0  
17 1 3 0 1.054150E+2 1441422666 0 60 60.1257 -999 -89.78 0 0 0 1000 0 0 1 0 0 0 0  
17 1 4 0 1.054300E+2 1441422728 0 60 60.1257 -999 -89.7 0 0 0 1000 0 0 1 0 0 0 0  
17 1 5 0 1.054450E+2 1441422790 0 60 60.1257 -999 -89.78 0 0 0 1000 0 0 1 0 0 0 0  
17 1 6 0 1.054600E+2 1441422853 0 60 60.1257 -999 -89.78 0 0 0 1000 0 0 1 0 0 0 0  
17 1 7 0 1.054750E+2 1441422915 0 60 60.1257 -999 -89.78 0 0 0 1000 0 0 1 0 0 0 0  
17 1 8 0 1.054900E+2 1441422977 0 60 60.1257 -999 -89.78 0 0 0 1000 0 0 1 0 0 0 0  
17 1 9 0 1.055050E+2 1441423039 0 60 60.1257 -999 -89.78 0 0 0 1000 0 0 1 0 0 0 0  
21 1 10 0 1.055200E+2 1441433867 0 60 60.1257 -89.78 -999 0 0 0 1000 0 0 1 0 0 0 0  
21 1 11 0 1.055350E+2 1441433929 0 60 60.1257 -89.78 -999 0 0 0 1000 0 0 1 0 0 0 0  
21 1 12 0 1.055500E+2 1441433992 0 60 60.1257 -89.78 -999 0 0 0 1000 0 0 1 0 0 0 0  
21 1 13 0 1.055650E+2 1441434054 0 60 60.1257 -89.78 -999 0 0 0 1000 0 0 1 0 0 0 0  
21 1 14 0 1.055800E+2 1441434116 0 60 60.1257 -89.78 -999 0 0 0 1000 0 0 1 0 0 0 0  
21 1 15 0 1.055950E+2 1441434179 0 60 60.1257 -89.78 -999 0 0 0 1000 0 0 1 0 0 0 0  
21 1 16 0 1.056100E+2 1441434241 0 60 60.1257 -89.78 -999 0 0 0 1000 0 0 1 0 0 0 0  
21 1 17 0 1.056250E+2 1441434303 0 60 60.1257 -89.78 -999 0 0 0 1000 0 0 1 0 0 0 0  
21 1 18 0 1.056400E+2 1441434365 0 60 60.1257 -89.78 -999 0 0 0 1000 0 0 1 0 0 0 0  
21 1 19 0 1.056550E+2 1441434428 0 60 60.1257 -89.78 -999 0 0 0 1000 0 0 1 0 0 0 0  
21 1 1 0 1.053000E+2 1441433306 0 60 60.1257 -89.23 -999 0 0 0 1000 0 0 1 0 0 0 0  
21 1 20 0 1.056700E+2 1441434490 0 60 60.1257 -89.78 -999 0 0 0 1000 0 0 1 0 0 0 0  
21 1 21 0 1.056850E+2 1441434552 0 60 60.1257 -89.78 -999 0 0 0 1000 0 0 1 0 0 0 0  
21 1 22 0 1.057000E+2 1441434614 0 60 60.1257 -89.78 -999 0 0 0 1000 0 0 1 0 0 0 0  
21 1 23 0 1.057150E+2 1441434677 0 60 60.1257 -89.78 -999 0 0 0 1000 0 0 1 0 0 0 0  
21 1 24 0 1.057300E+2 1441434739 0 60 60.1257 -89.78 -999 0 0 0 1000 0 0 1 0 0 0 0  
21 1 25 0 1.057450E+2 1441434801 0 60 60.1257 -89.78 -999 0 0 0 1000 0 0 1 0 0 0 0  
21 1 26 0 1.057600E+2 1441434864 0 60 60.1257 -89.78 -999 0 0 0 1000 0 0 1 0 0 0 0  
21 1 27 0 1.057750E+2 1441434926 0 60 60.1257 -89.78 -999 0 0 0 1000 0 0 1 0 0 0 0  
21 1 28 0 1.057900E+2 1441434988 0 60 60.1257 -89.78 -999 0 0 0 1000 0 0 1 0 0 0 0  
21 1 29 0 1.058050E+2 1441435050 0 60 60.1257 -89.78 -999 0 0 0 1000 0 0 1 0 0 0 0  
21 1 2 0 1.054000E+2 1441433369 0 60 60.1257 -90.42 -999 0 0 0 1000 0 0 1 0 0 0 0  
21 1 30 0 1.058200E+2 1441435113 0 60 60.1257 -89.78 -999 0 0 0 1000 0 0 1 0 0 0 0  
21 1 31 0 1.058350E+2 1441435175 0 60 60.1257 -89.78 -999 0 0 0 1000 0 0 1 0 0 0 0  
21 1 32 0 1.058500E+2 1441435237 0 60 60.1257 -89.78 -999 0 0 0 1000 0 0 1 0 0 0 0  
21 1 33 0 1.058650E+2 1441435300 0 60 60.1257 -89.78 -999 0 0 0 1000 0 0 1 0 0 0 0  
21 1 34 0 1.058800E+2 1441435362 0 60 60.1257 -89.78 -999 0 0 0 1000 0 0 1 0 0 0 0  
21 1 35 0 1.058950E+2 1441435424 0 60 60.1257 -89.78 -999 0 0 0 1000 0 0 1 0 0 0 0  
21 1 36 0 1.059100E+2 1441435486 0 60 60.1257 -89.78 -999 0 0 0 1000 0 0 1 0 0 0 0  
21 1 37 0 1.059250E+2 1441435549 0 60 60.1257 -89.78 -999 0 0 0 1000 0 0 1 0 0 0 0  
21 1 3 0 1.054150E+2 1441433431 0 60 60.1257 -89.94 -999 0 0 0 1000 0 0 1 0 0 0 0  
21 1 4 0 1.054300E+2 1441433493 0 60 60.1257 -89.7 -999 0 0 0 1000 0 0 1 0 0 0 0  
21 1 5 0 1.054450E+2 1441433555 0 60 60.1257 -89.78 -999 0 0 0 1000 0 0 1 0 0 0 0  
21 1 6 0 1.054600E+2 1441433618 0 60 60.1257 -89.78 -999 0 0 0 1000 0 0 1 0 0 0 0  
21 1 7 0 1.054750E+2 1441433680 0 60 60.1257 -89.78 -999 0 0 0 1000 0 0 1 0 0 0 0  
21 1 8 0 1.054900E+2 1441433742 0 60 60.1257 -89.78 -999 0 0 0 1000 0 0 1 0 0 0 0  
21 1 9 0 1.055050E+2 1441433804 0 60 60.1257 -89.78 -999 0 0 0 1000 0 0 1 0 0 0 0  
22 1 10 0 1.055200E+2 1441436247 0 60 60.1257 -89.78 -999 0 0 0 1000 0 0 1 0 0 0 0  
22 1 11 0 1.055350E+2 1441436310 0 60 60.1257 -89.78 -999 0 0 0 1000 0 0 1 0 0 0 0  
22 1 12 0 1.055500E+2 1441436372 0 60 60.1257 -89.78 -999 0 0 0 1000 0 0 1 0 0 0 0  
22 1 13 0 1.055650E+2 1441436435 0 60 60.1257 -89.78 -999 0 0 0 1000 0 0 1 0 0 0 0  
22 1 14 0 1.055800E+2 1441436497 0 60 60.1257 -89.78 -999 0 0 0 1000 0 0 1 0 0 0 0  
22 1 15 0 1.055950E+2 1441436559 0 60 60.1257 -89.78 -999 0 0 0 1000 0 0 1 0 0 0 0  
22 1 16 0 1.056100E+2 1441436621 0 60 60.1257 -89.78 -999 0 0 0 1000 0 0 1 0 0 0 0  
22 1 17 0 1.056250E+2 1441436683 0 60 60.1257 -89.78 -999 0 0 0 1000 0 0 1 0 0 0 0  
22 1 18 0 1.056400E+2 1441436746 0 60 60.1257 -89.78 -999 0 0 0 1000 0 0 1 0 0 0 0  
22 1 19 0 1.056550E+2 1441436808 0 60 60.1257 -89.78 -999 0 0 0 1000 0 0 1 0 0 0 0  
22 1 1 0 1.053000E+2 1441435687 0 60 60.1257 -89.23 -999 0 0 0 1000 0 0 1 0 0 0 0  
22 1 20 0 1.056700E+2 1441436870 0 60 60.1257 -89.78 -999 0 0 0 1000 0 0 1 0 0 0 0  
22 1 21 0 1.056850E+2 1441436932 0 60 60.1257 -89.78 -999 0 0 0 1000 0 0 1 0 0 0 0  
22 1 22 0 1.057000E+2 1441436994 0 60 60.1257 -89.78 -999 0 0 0 1000 0 0 1 0 0 0 0  
22 1 23 0 1.057150E+2 1441437057 0 60 60.1257 -89.78 -999 0 0 0 1000 0 0 1 0 0 0 0  
22 1 24 0 1.057300E+2 1441437119 0 60 60.1257 -89.78 -999 0 0 0 1000 0 0 1 0 0 0 0  
22 1 25 0 1.057450E+2 1441437181 0 60 60.1257 -89.78 -999 0 0 0 1000 0 0 1 0 0 0 0  
22 1 26 0 1.057600E+2 1441437243 0 60 60.1257 -89.78 -999 0 0 0 1000 0 0 1 0 0 0 0  
22 1 27 0 1.057750E+2 1441437306 0 60 60.1257 -89.78 -999 0 0 0 1000 0 0 1 0 0 0 0  
22 1 28 0 1.057900E+2 1441437369 0 60 60.1257 -89.78 -999 0 0 0 1000 0 0 1 0 0 0 0  
22 1 29 0 1.058050E+2 1441437431 0 60 60.1257 -89.78 -999 0 0 0 1000 0 0 1 0 0 0 0  
22 1 2 0 1.054000E+2 1441435749 0 60 60.1257 -90.42 -999 0 0 0 1000 0 0 1 0 0 0 0  
22 1 30 0 1.058200E+2 1441437493 0 60 60.1257 -89.78 -999 0 0 0 1000 0 0 1 0 0 0 0  
22 1 31 0 1.058350E+2 1441437556 0 60 60.1257 -89.78 -999 0 0 0 1000 0 0 1 0 0 0 0  
22 1 32 0 1.058500E+2 1441437618 0 60 60.1257 -89.78 -999 0 0 0 1000 0 0 1 0 0 0 0  
22 1 33 0 1.058650E+2 1441437680 0 60 60.1257 -89.78 -999 0 0 0 1000 0 0 1 0 0 0 0  
22 1 34 0 1.058800E+2 1441437742 0 60 60.1257 -89.78 -999 0 0 0 1000 0 0 1 0 0 0 0  
22 1 35 0 1.058950E+2 1441437805 0 60 60.1257 -89.78 -999 0 0 0 1000 0 0 1 0 0 0 0  
22 1 36 0 1.059100E+2 1441437867 0 60 60.1257 -89.78 -999 0 0 0 1000 0 0 1 0 0 0 0  
22 1 37 0 1.059250E+2 1441437929 0 60 60.1257 -89.78 -999 0 0 0 1000 0 0 1 0 0 0 0  
22 1 3 0 1.054150E+2 1441435811 0 60 60.1257 -89.94 -999 0 0 0 1000 0 0 1 0 0 0 0  
22 1 4 0 1.054300E+2 1441435874 0 60 60.1257 -89.7 -999 0 0 0 1000 0 0 1 0 0 0 0  
22 1 5 0 1.054450E+2 1441435936 0 60 60.1257 -89.78 -999 0 0 0 1000 0 0 1 0 0 0 0  
22 1 6 0 1.054600E+2 1441435998 0 60 60.1257 -89.78 -999 0 0 0 1000 0 0 1 0 0 0 0  
22 1 7 0 1.054750E+2 1441436061 0 60 60.1257 -89.78 -999 0 0 0 1000 0 0 1 0 0 0 0  
22 1 8 0 1.054900E+2 1441436123 0 60 60.1257 -89.78 -999 0 0 0 1000 0 0 1 0 0 0 0  
22 1 9 0 1.055050E+2 1441436185 0 60 60.1257 -89.78 -999 0 0 0 1000 0 0 1 0 0 0 0  
23 1 10 0 1.055200E+2 1441438741 0 60 60.1257 -89.78 -999 0 0 0 1000 0 0 1 0 0 0 0  
23 1 11 0 1.055350E+2 1441438804 0 60 60.1257 -89.78 -999 0 0 0 1000 0 0 1 0 0 0 0  
23 1 12 0 1.055500E+2 1441438866 0 60 60.1257 -89.78 -999 0 0 0 1000 0 0 1 0 0 0 0  
23 1 13 0 1.055650E+2 1441438929 0 60 60.1257 -89.78 -999 0 0 0 1000 0 0 1 0 0 0 0  
23 1 14 0 1.055800E+2 1441438991 0 60 60.1257 -89.78 -999 0 0 0 1000 0 0 1 0 0 0 0  
23 1 15 0 1.055950E+2 1441439053 0 60 60.1257 -89.78 -999 0 0 0 1000 0 0 1 0 0 0 0  
23 1 16 0 1.056100E+2 1441439115 0 60 60.1257 -89.78 -999 0 0 0 1000 0 0 1 0 0 0 0  
23 1 17 0 1.056250E+2 1441439177 0 60 60.1257 -89.78 -999 0 0 0 1000 0 0 1 0 0 0 0  
23 1 18 0 1.056400E+2 1441439240 0 60 60.1257 -89.78 -999 0 0 0 1000 0 0 1 0 0 0 0  
23 1 19 0 1.056550E+2 1441439302 0 60 60.1257 -89.78 -999 0 0 0 1000 0 0 1 0 0 0 0  
23 1 1 0 1.053000E+2 1441438181 0 60 60.1257 -89.15 -999 0 0 0 1000 0 0 1 0 0 0 0  
23 1 20 0 1.056700E+2 1441439364 0 60 60.1257 -89.78 -999 0 0 0 1000 0 0 1 0 0 0 0  
23 1 21 0 1.056850E+2 1441439426 0 60 60.1257 -89.78 -999 0 0 0 1000 0 0 1 0 0 0 0  
23 1 22 0 1.057000E+2 1441439489 0 60 60.1257 -89.78 -999 0 0 0 1000 0 0 1 0 0 0 0  
23 1 23 0 1.057150E+2 1441439551 0 60 60.1257 -89.78 -999 0 0 0 1000 0 0 1 0 0 0 0  
23 1 24 0 1.057300E+2 1441439613 0 60 60.1257 -89.78 -999 0 0 0 1000 0 0 1 0 0 0 0  
23 1 25 0 1.057450E+2 1441439676 0 60 60.1257 -89.78 -999 0 0 0 1000 0 0 1 0 0 0 0  
23 1 26 0 1.057600E+2 1441439738 0 60 60.1257 -89.78 -999 0 0 0 1000 0 0 1 0 0 0 0  
23 1 27 0 1.057750E+2 1441439800 0 60 60.1257 -89.78 -999 0 0 0 1000 0 0 1 0 0 0 0  
23 1 28 0 1.057900E+2 1441439862 0 60 60.1257 -89.78 -999 0 0 0 1000 0 0 1 0 0 0 0  
23 1 29 0 1.058050E+2 1441439925 0 60 60.1257 -89.78 -999 0 0 0 1000 0 0 1 0 0 0 0  
23 1 2 0 1.054000E+2 1441438243 0 60 60.1257 -90.18 -999 0 0 0 1000 0 0 1 0 0 0 0  
23 1 30 0 1.058200E+2 1441439987 0 60 60.1257 -89.78 -999 0 0 0 1000 0 0 1 0 0 0 0  
23 1 31 0 1.058350E+2 1441440049 0 60 60.1257 -89.78 -999 0 0 0 1000 0 0 1 0 0 0 0  
23 1 32 0 1.058500E+2 1441440111 0 60 60.1257 -89.78 -999 0 0 0 1000 0 0 1 0 0 0 0  
23 1 33 0 1.058650E+2 1441440174 0 60 60.1257 -89.78 -999 0 0 0 1000 0 0 1 0 0 0 0  
23 1 34 0 1.058800E+2 1441440236 0 60 60.1257 -89.78 -999 0 0 0 1000 0 0 1 0 0 0 0  
23 1 35 0 1.058950E+2 1441440298 0 60 60.1257 -89.78 -999 0 0 0 1000 0 0 1 0 0 0 0  
23 1 36 0 1.059100E+2 1441440361 0 60 60.1257 -89.78 -999 0 0 0 1000 0 0 1 0 0 0 0  
23 1 37 0 1.059250E+2 1441440423 0 60 60.1257 -89.78 -999 0 0 0 1000 0 0 1 0 0 0 0  
23 1 3 0 1.054150E+2 1441438305 0 60 60.1257 -89.86 -999 0 0 0 1000 0 0 1 0 0 0 0  
23 1 4 0 1.054300E+2 1441438368 0 60 60.1257 -89.7 -999 0 0 0 1000 0 0 1 0 0 0 0  
23 1 5 0 1.054450E+2 1441438430 0 60 60.1257 -89.7 -999 0 0 0 1000 0 0 1 0 0 0 0  
23 1 6 0 1.054600E+2 1441438492 0 60 60.1257 -89.78 -999 0 0 0 1000 0 0 1 0 0 0 0  
23 1 7 0 1.054750E+2 1441438555 0 60 60.1257 -89.78 -999 0 0 0 1000 0 0 1 0 0 0 0  
23 1 8 0 1.054900E+2 1441438617 0 60 60.1257 -89.78 -999 0 0 0 1000 0 0 1 0 0 0 0  
23 1 9 0 1.055050E+2 1441438679 0 60 60.1257 -89.78 -999 0 0 0 1000 0 0 1 0 0 0 0  
23 2 10 0 1.055200E+2 1441441046 0 60 60.1257 -89.78 -999 0 0 0 1000 0 0 1 0 0 0 0  
23 2 11 0 1.055350E+2 1441441108 0 60 60.1257 -89.78 -999 0 0 0 1000 0 0 1 0 0 0 0  
23 2 12 0 1.055500E+2 1441441171 0 60 60.1257 -89.78 -999 0 0 0 1000 0 0 1 0 0 0 0  
23 2 13 0 1.055650E+2 1441441233 0 60 60.1257 -89.78 -999 0 0 0 1000 0 0 1 0 0 0 0  
23 2 14 0 1.055800E+2 1441441295 0 60 60.1257 -89.78 -999 0 0 0 1000 0 0 1 0 0 0 0  
23 2 15 0 1.055950E+2 1441441357 0 60 60.1257 -89.78 -999 0 0 0 1000 0 0 1 0 0 0 0  
23 2 16 0 1.056100E+2 1441441419 0 60 60.1257 -89.78 -999 0 0 0 1000 0 0 1 0 0 0 0  
23 2 17 0 1.056250E+2 1441441482 0 60 60.1257 -89.78 -999 0 0 0 1000 0 0 1 0 0 0 0  
23 2 18 0 1.056400E+2 1441441544 0 60 60.1257 -89.78 -999 0 0 0 1000 0 0 1 0 0 0 0  
23 2 19 0 1.056550E+2 1441441606 0 60 60.1257 -89.78 -999 0 0 0 1000 0 0 1 0 0 0 0  
23 2 1 0 1.053000E+2 1441440486 0 60 60.1257 -89.78 -999 0 0 0 1000 0 0 1 0 0 0 0  
23 2 20 0 1.056700E+2 1441441668 0 60 60.1257 -89.78 -999 0 0 0 1000 0 0 1 0 0 0 0  
23 2 21 0 1.056850E+2 1441441730 0 60 60.1257 -89.78 -999 0 0 0 1000 0 0 1 0 0 0 0  
23 2 22 0 1.057000E+2 1441441793 0 60 60.1257 -89.78 -999 0 0 0 1000 0 0 1 0 0 0 0  
23 2 23 0 1.057150E+2 1441441855 0 60 60.1257 -89.78 -999 0 0 0 1000 0 0 1 0 0 0 0  
23 2 24 0 1.057300E+2 1441441917 0 60 60.1257 -89.78 -999 0 0 0 1000 0 0 1 0 0 0 0  
23 2 25 0 1.057450E+2 1441441979 0 60 60.1257 -89.78 -999 0 0 0 1000 0 0 1 0 0 0 0  
23 2 26 0 1.057600E+2 1441442042 0 60 60.1257 -89.78 -999 0 0 0 1000 0 0 1 0 0 0 0  
23 2 27 0 1.057750E+2 1441442104 0 60 60.1257 -89.78 -999 0 0 0 1000 0 0 1 0 0 0 0  
23 2 28 0 1.057900E+2 1441442166 0 60 60.1257 -89.78 -999 0 0 0 1000 0 0 1 0 0 0 0  
23 2 29 0 1.058050E+2 1441442228 0 60 60.1257 -89.78 -999 0 0 0 1000 0 0 1 0 0 0 0  
23 2 2 0 1.054000E+2 1441440548 0 60 60.1257 -89.78 -999 0 0 0 1000 0 0 1 0 0 0 0  
23 2 30 0 1.058200E+2 1441442290 0 60 60.1257 -89.78 -999 0 0 0 1000 0 0 1 0 0 0 0  
23 2 31 0 1.058350E+2 1441442353 0 60 60.1257 -89.78 -999 0 0 0 1000 0 0 1 0 0 0 0  
23 2 32 0 1.058500E+2 1441442415 0 60 60.1257 -89.78 -999 0 0 0 1000 0 0 1 0 0 0 0  
23 2 33 0 1.058650E+2 1441442477 0 60 60.1257 -89.78 -999 0 0 0 1000 0 0 1 0 0 0 0  
23 2 34 0 1.058800E+2 1441442540 0 60 60.1257 -89.78 -999 0 0 0 1000 0 0 1 0 0 0 0  
23 2 35 0 1.058950E+2 1441442602 0 60 60.1257 -89.78 -999 0 0 0 1000 0 0 1 0 0 0 0  
23 2 36 0 1.059100E+2 1441442664 0 60 60.1257 -89.78 -999 0 0 0 1000 0 0 1 0 0 0 0  
23 2 37 0 1.059250E+2 1441442727 0 60 60.1257 -89.7 -999 0 0 0 1000 0 0 1 0 0 0 0  
23 2 3 0 1.054150E+2 1441440610 0 60 60.1257 -89.78 -999 0 0 0 1000 0 0 1 0 0 0 0  
23 2 4 0 1.054300E+2 1441440673 0 60 60.1257 -89.78 -999 0 0 0 1000 0 0 1 0 0 0 0  
23 2 5 0 1.054450E+2 1441440735 0 60 60.1257 -89.78 -999 0 0 0 1000 0 0 1 0 0 0 0  
23 2 6 0 1.054600E+2 1441440797 0 60 60.1257 -89.78 -999 0 0 0 1000 0 0 1 0 0 0 0  
23 2 7 0 1.054750E+2 1441440859 0 60 60.1257 -89.78 -999 0 0 0 1000 0 0 1 0 0 0 0  
23 2 8 0 1.054900E+2 1441440922 0 60 60.1257 -89.78 -999 0 0 0 1000 0 0 1 0 0 0 0  
23 2 9 0 1.055050E+2 1441440984 0 60 60.1257 -89.78 -999 0 0 0 1000 0 0 1 0 0 0 0  
23 3 10 0 1.055200E+2 1441443350 0 60 60.1257 -89.78 -999 0 0 0 1000 0 0 1 0 0 0 0  
23 3 11 0 1.055350E+2 1441443412 0 60 60.1257 -89.78 -999 0 0 0 1000 0 0 1 0 0 0 0  
23 3 12 0 1.055500E+2 1441443474 0 60 60.1257 -89.78 -999 0 0 0 1000 0 0 1 0 0 0 0  
23 3 13 0 1.055650E+2 1441443537 0 60 60.1257 -89.78 -999 0 0 0 1000 0 0 1 0 0 0 0  
23 3 14 0 1.055800E+2 1441443599 0 60 60.1257 -89.78 -999 0 0 0 1000 0 0 1 0 0 0 0  
23 3 15 0 1.055950E+2 1441443662 0 60 60.1257 -89.7 -999 0 0 0 1000 0 0 1 0 0 0 0  
23 3 16 0 1.056100E+2 1441443725 0 60 60.1257 -89.78 -999 0 0 0 1000 0 0 1 0 0 0 0  
23 3 17 0 1.056250E+2 1441443787 0 60 60.1257 -89.78 -999 0 0 0 1000 0 0 1 0 0 0 0  
23 3 18 0 1.056400E+2 1441443850 0 60 60.1257 -89.78 -999 0 0 0 1000 0 0 1 0 0 0 0  
23 3 19 0 1.056550E+2 1441443912 0 60 60.1257 -89.78 -999 0 0 0 1000 0 0 1 0 0 0 0  
23 3 1 0 1.053000E+2 1441442789 0 60 60.1257 -89.78 -999 0 0 0 1000 0 0 1 0 0 0 0  
23 3 20 0 1.056700E+2 1441443974 0 60 60.1257 -89.78 -999 0 0 0 1000 0 0 1 0 0 0 0  
23 3 21 0 1.056850E+2 1441444036 0 60 60.1257 -89.78 -999 0 0 0 1000 0 0 1 0 0 0 0  
23 3 22 0 1.057000E+2 1441444099 0 60 60.1257 -89.78 -999 0 0 0 1000 0 0 1 0 0 0 0  
23 3 23 0 1.057150E+2 1441444161 0 60 60.1257 -89.78 -999 0 0 0 1000 0 0 1 0 0 0 0  
23 3 24 0 1.057300E+2 1441444223 0 60 60.1257 -89.78 -999 0 0 0 1000 0 0 1 0 0 0 0  
23 3 25 0 1.057450E+2 1441444285 0 60 60.1257 -89.78 -999 0 0 0 1000 0 0 1 0 0 0 0  
23 3 26 0 1.057600E+2 1441444348 0 60 60.1257 -89.78 -999 0 0 0 1000 0 0 1 0 0 0 0  
23 3 27 0 1.057750E+2 1441444410 0 60 60.1257 -89.78 -999 0 0 0 1000 0 0 1 0 0 0 0  
23 3 28 0 1.057900E+2 1441444472 0 60 60.1257 -89.78 -999 0 0 0 1000 0 0 1 0 0 0 0  
23 3 29 0 1.058050E+2 1441444535 0 60 60.1257 -89.78 -999 0 0 0 1000 0 0 1 0 0 0 0  
23 3 2 0 1.054000E+2 1441442852 0 60 60.1257 -89.78 -999 0 0 0 1000 0 0 1 0 0 0 0  
23 3 30 0 1.058200E+2 1441444597 0 60 60.1257 -89.78 -999 0 0 0 1000 0 0 1 0 0 0 0  
23 3 31 0 1.058350E+2 1441444659 0 60 60.1257 -89.78 -999 0 0 0 1000 0 0 1 0 0 0 0  
23 3 32 0 1.058500E+2 1441444722 0 60 60.1257 -89.78 -999 0 0 0 1000 0 0 1 0 0 0 0  
23 3 33 0 1.058650E+2 1441444784 0 60 60.1257 -89.78 -999 0 0 0 1000 0 0 1 0 0 0 0  
23 3 34 0 1.058800E+2 1441444846 0 60 60.1257 -89.78 -999 0 0 0 1000 0 0 1 0 0 0 0  
23 3 35 0 1.058950E+2 1441444908 0 60 60.1257 -89.78 -999 0 0 0 1000 0 0 1 0 0 0 0  
23 3 36 0 1.059100E+2 1441444971 0 60 60.1257 -89.78 -999 0 0 0 1000 0 0 1 0 0 0 0  
23 3 37 0 1.059250E+2 1441445033 0 60 60.1257 -89.78 -999 0 0 0 1000 0 0 1 0 0 0 0  
23 3 3 0 1.054150E+2 1441442914 0 60 60.1257 -89.78 -999 0 0 0 1000 0 0 1 0 0 0 0  
23 3 4 0 1.054300E+2 1441442976 0 60 60.1257 -89.78 -999 0 0 0 1000 0 0 1 0 0 0 0  
23 3 5 0 1.054450E+2 1441443038 0 60 60.1257 -89.78 -999 0 0 0 1000 0 0 1 0 0 0 0  
23 3 6 0 1.054600E+2 1441443101 0 60 60.1257 -89.78 -999 0 0 0 1000 0 0 1 0 0 0 0  
23 3 7 0 1.054750E+2 1441443163 0 60 60.1257 -89.78 -999 0 0 0 1000 0 0 1 0 0 0 0  
23 3 8 0 1.054900E+2 1441443226 0 60 60.1257 -89.78 -999 0 0 0 1000 0 0 1 0 0 0 0  
23 3 9 0 1.055050E+2 1441443288 0 60 60.1257 -89.78 -999 0 0 0 1000 0 0 1 0 0 0 0  
23 4 10 0 1.055200E+2 1441445655 0 60 60.1257 -89.78 -999 0 0 0 1000 0 0 1 0 0 0 0  
23 4 11 0 1.055350E+2 1441445717 0 60 60.1257 -89.78 -999 0 0 0 1000 0 0 1 0 0 0 0  
23 4 12 0 1.055500E+2 1441445780 0 60 60.1257 -89.78 -999 0 0 0 1000 0 0 1 0 0 0 0  
23 4 13 0 1.055650E+2 1441445842 0 60 60.1257 -89.78 -999 0 0 0 1000 0 0 1 0 0 0 0  
23 4 14 0 1.055800E+2 1441445904 0 60 60.1257 -89.78 -999 0 0 0 1000 0 0 1 0 0 0 0  
23 4 15 0 1.055950E+2 1441445967 0 60 60.1257 -89.78 -999 0 0 0 1000 0 0 1 0 0 0 0  
23 4 16 0 1.056100E+2 1441446029 0 60 60.1257 -89.78 -999 0 0 0 1000 0 0 1 0 0 0 0  
23 4 17 0 1.056250E+2 1441446091 0 60 60.1257 -89.78 -999 0 0 0 1000 0 0 1 0 0 0 0  
23 4 18 0 1.056400E+2 1441446153 0 60 60.1257 -89.78 -999 0 0 0 1000 0 0 1 0 0 0 0  
23 4 19 0 1.056550E+2 1441446215 0 60 60.1257 -89.78 -999 0 0 0 1000 0 0 1 0 0 0 0  
23 4 1 0 1.053000E+2 1441445095 0 60 60.1257 -89.78 -999 0 0 0 1000 0 0 1 0 0 0 0  
23 4 20 0 1.056700E+2 1441446278 0 60 60.1257 -89.78 -999 0 0 0 1000 0 0 1 0 0 0 0  
23 4 21 0 1.056850E+2 1441446340 0 60 60.1257 -89.78 -999 0 0 0 1000 0 0 1 0 0 0 0  
23 4 22 0 1.057000E+2 1441446402 0 60 60.1257 -89.78 -999 0 0 0 1000 0 0 1 0 0 0 0  
23 4 23 0 1.057150E+2 1441446464 0 60 60.1257 -89.78 -999 0 0 0 1000 0 0 1 0 0 0 0  
23 4 24 0 1.057300E+2 1441446527 0 60 60.1257 -89.78 -999 0 0 0 1000 0 0 1 0 0 0 0  
23 4 25 0 1.057450E+2 1441446589 0 60 60.1257 -89.78 -999 0 0 0 1000 0 0 1 0 0 0 0  
23 4 26 0 1.057600E+2 1441446651 0 60 60.1257 -89.78 -999 0 0 0 1000 0 0 1 0 0 0 0  
23 4 27 0 1.057750E+2 1441446713 0 60 60.1257 -89.78 -999 0 0 0 1000 0 0 1 0 0 0 0  
23 4 28 0 1.057900E+2 1441446776 0 60 60.1257 -89.78 -999 0 0 0 1000 0 0 1 0 0 0 0  
23 4 29 0 1.058050E+2 1441446838 0 60 60.1257 -89.78 -999 0 0 0 1000 0 0 1 0 0 0 0  
23 4 2 0 1.054000E+2 1441445158 0 60 60.1257 -89.78 -999 0 0 0 1000 0 0 1 0 0 0 0  
23 4 30 0 1.058200E+2 1441446900 0 60 60.1257 -89.78 -999 0 0 0 1000 0 0 1 0 0 0 0  
23 4 31 0 1.058350E+2 1441446962 0 60 60.1257 -89.78 -999 0 0 0 1000 0 0 1 0 0 0 0  
23 4 32 0 1.058500E+2 1441447024 0 60 60.1257 -89.78 -999 0 0 0 1000 0 0 1 0 0 0 0  
23 4 33 0 1.058650E+2 1441447087 0 60 60.1257 -89.78 -999 0 0 0 1000 0 0 1 0 0 0 0  
23 4 34 0 1.058800E+2 1441447149 0 60 60.1257 -89.78 -999 0 0 0 1000 0 0 1 0 0 0 0  
23 4 35 0 1.058950E+2 1441447211 0 60 60.1257 -89.78 -999 0 0 0 1000 0 0 1 0 0 0 0  
23 4 36 0 1.059100E+2 1441447273 0 60 60.1257 -89.78 -999 0 0 0 1000 0 0 1 0 0 0 0  
23 4 37 0 1.059250E+2 1441447335 0 60 60.1257 -89.78 -999 0 0 0 1000 0 0 1 0 0 0 0  
23 4 3 0 1.054150E+2 1441445220 0 60 60.1257 -89.78 -999 0 0 0 1000 0 0 1 0 0 0 0  
23 4 4 0 1.054300E+2 1441445282 0 60 60.1257 -89.78 -999 0 0 0 1000 0 0 1 0 0 0 0  
23 4 5 0 1.054450E+2 1441445344 0 60 60.1257 -89.78 -999 0 0 0 1000 0 0 1 0 0 0 0  
23 4 6 0 1.054600E+2 1441445406 0 60 60.1257 -89.78 -999 0 0 0 1000 0 0 1 0 0 0 0  
23 4 7 0 1.054750E+2 1441445469 0 60 60.1257 -89.78 -999 0 0 0 1000 0 0 1 0 0 0 0  
23 4 8 0 1.054900E+2 1441445531 0 60 60.1257 -89.78 -999 0 0 0 1000 0 0 1 0 0 0 0  
23 4 9 0 1.055050E+2 1441445593 0 60 60.1257 -89.78 -999 0 0 0 1000 0 0 1 0 0 0 0  
31 1 10 0 1.055350E+2 1441451596 0 60 60.1257 -89.78 -999 0 0 0 1000 0 0 1 0 0 0 0  
31 1 11 0 1.055500E+2 1441451659 0 60 60.1257 -89.78 -999 0 0 0 1000 0 0 1 0 0 0 0  
31 1 12 0 1.055650E+2 1441451721 0 60 60.1257 -89.78 -999 0 0 0 1000 0 0 1 0 0 0 0  
31 1 13 0 1.055800E+2 1441451783 0 60 60.1257 -89.78 -999 0 0 0 1000 0 0 1 0 0 0 0  
31 1 14 0 1.055950E+2 1441451845 0 60 60.1257 -89.78 -999 0 0 0 1000 0 0 1 0 0 0 0  
31 1 15 0 1.056100E+2 1441451908 0 60 60.1257 -89.78 -999 0 0 0 1000 0 0 1 0 0 0 0  
31 1 16 0 1.056250E+2 1441451970 0 60 60.1257 -89.78 -999 0 0 0 1000 0 0 1 0 0 0 0  
31 1 17 0 1.056400E+2 1441452032 0 60 60.1257 -89.78 -999 0 0 0 1000 0 0 1 0 0 0 0  
31 1 18 0 1.056550E+2 1441452095 0 60 60.1257 -89.78 -999 0 0 0 1000 0 0 1 0 0 0 0  
31 1 19 0 1.056700E+2 1441452157 0 60 60.1257 -89.78 -999 0 0 0 1000 0 0 1 0 0 0 0  
31 1 1 0 1.054000E+2 1441451036 0 60 60.1257 -89.78 -999 0 0 0 1000 0 0 1 0 0 0 0  
31 1 20 0 1.056850E+2 1441452219 0 60 60.1257 -89.78 -999 0 0 0 1000 0 0 1 0 0 0 0  
31 1 21 0 1.057000E+2 1441452281 0 60 60.1257 -89.78 -999 0 0 0 1000 0 0 1 0 0 0 0  
31 1 22 0 1.057150E+2 1441452344 0 60 60.1257 -89.78 -999 0 0 0 1000 0 0 1 0 0 0 0  
31 1 23 0 1.057300E+2 1441452406 0 60 60.1257 -89.78 -999 0 0 0 1000 0 0 1 0 0 0 0  
31 1 24 0 1.057450E+2 1441452468 0 60 60.1257 -89.78 -999 0 0 0 1000 0 0 1 0 0 0 0  
31 1 25 0 1.057600E+2 1441452530 0 60 60.1257 -89.78 -999 0 0 0 1000 0 0 1 0 0 0 0  
31 1 26 0 1.057750E+2 1441452592 0 60 60.1257 -89.78 -999 0 0 0 1000 0 0 1 0 0 0 0  
31 1 27 0 1.057900E+2 1441452655 0 60 60.1257 -89.78 -999 0 0 0 1000 0 0 1 0 0 0 0  
31 1 28 0 1.058050E+2 1441452717 0 60 60.1257 -89.78 -999 0 0 0 1000 0 0 1 0 0 0 0  
31 1 29 0 1.058200E+2 1441452779 0 60 60.1257 -89.78 -999 0 0 0 1000 0 0 1 0 0 0 0  
31 1 2 0 1.054150E+2 1441451098 0 60 60.1257 -90.65 -999 0 0 0 1000 0 0 1 0 0 0 0  
31 1 30 0 1.058350E+2 1441452842 0 60 60.1257 -89.78 -999 0 0 0 1000 0 0 1 0 0 0 0  
31 1 31 0 1.058500E+2 1441452904 0 60 60.1257 -89.78 -999 0 0 0 1000 0 0 1 0 0 0 0  
31 1 32 0 1.058650E+2 1441452967 0 60 60.1257 -89.78 -999 0 0 0 1000 0 0 1 0 0 0 0  
31 1 33 0 1.058800E+2 1441453029 0 60 60.1257 -89.78 -999 0 0 0 1000 0 0 1 0 0 0 0  
31 1 34 0 1.058950E+2 1441453092 0 60 60.1257 -89.78 -999 0 0 0 1000 0 0 1 0 0 0 0  
31 1 35 0 1.059100E+2 1441453154 0 60 60.1257 -89.78 -999 0 0 0 1000 0 0 1 0 0 0 0  
31 1 36 0 1.059250E+2 1441453216 0 60 60.1257 -89.78 -999 0 0 0 1000 0 0 1 0 0 0 0  
31 1 37 0 1.059400E+2 1441453278 0 60 60.1257 -89.78 -999 0 0 0 1000 0 0 1 0 0 0 0  
31 1 3 0 1.054300E+2 1441451160 0 60 60.1257 -89.86 -999 0 0 0 1000 0 0 1 0 0 0 0  
31 1 4 0 1.054450E+2 1441451223 0 60 60.1257 -89.7 -999 0 0 0 1000 0 0 1 0 0 0 0  
31 1 5 0 1.054600E+2 1441451285 0 60 60.1257 -89.78 -999 0 0 0 1000 0 0 1 0 0 0 0  
31 1 6 0 1.054750E+2 1441451347 0 60 60.1257 -89.78 -999 0 0 0 1000 0 0 1 0 0 0 0  
31 1 7 0 1.054900E+2 1441451410 0 60 60.1257 -89.78 -999 0 0 0 1000 0 0 1 0 0 0 0  
31 1 8 0 1.055050E+2 1441451472 0 60 60.1257 -89.78 -999 0 0 0 1000 0 0 1 0 0 0 0  
31 1 9 0 1.055200E+2 1441451534 0 60 60.1257 -89.78 -999 0 0 0 1000 0 0 1 0 0 0 0  
31 2 10 0 1.055350E+2 1441453901 0 60 60.1257 -89.78 -999 0 0 0 1000 0 0 1 0 0 0 0  
31 2 11 0 1.055500E+2 1441453963 0 60 60.1257 -89.78 -999 0 0 0 1000 0 0 1 0 0 0 0  
31 2 12 0 1.055650E+2 1441454025 0 60 60.1257 -89.78 -999 0 0 0 1000 0 0 1 0 0 0 0  
31 2 13 0 1.055800E+2 1441454088 0 60 60.1257 -89.78 -999 0 0 0 1000 0 0 1 0 0 0 0  
31 2 14 0 1.055950E+2 1441454150 0 60 60.1257 -89.78 -999 0 0 0 1000 0 0 1 0 0 0 0  
31 2 15 0 1.056100E+2 1441454212 0 60 60.1257 -89.78 -999 0 0 0 1000 0 0 1 0 0 0 0  
31 2 16 0 1.056250E+2 1441454274 0 60 60.1257 -89.78 -999 0 0 0 1000 0 0 1 0 0 0 0  
31 2 17 0 1.056400E+2 1441454337 0 60 60.1257 -89.78 -999 0 0 0 1000 0 0 1 0 0 0 0  
31 2 18 0 1.056550E+2 1441454399 0 60 60.1257 -89.78 -999 0 0 0 1000 0 0 1 0 0 0 0  
31 2 19 0 1.056700E+2 1441454461 0 60 60.1257 -89.78 -999 0 0 0 1000 0 0 1 0 0 0 0  
31 2 1 0 1.054000E+2 1441453341 0 60 60.1257 -89.78 -999 0 0 0 1000 0 0 1 0 0 0 0  
31 2 20 0 1.056850E+2 1441454524 0 60 60.1257 -89.78 -999 0 0 0 1000 0 0 1 0 0 0 0  
31 2 21 0 1.057000E+2 1441454586 0 60 60.1257 -89.78 -999 0 0 0 1000 0 0 1 0 0 0 0  
31 2 22 0 1.057150E+2 1441454648 0 60 60.1257 -89.78 -999 0 0 0 1000 0 0 1 0 0 0 0  
31 2 23 0 1.057300E+2 1441454710 0 60 60.1257 -89.78 -999 0 0 0 1000 0 0 1 0 0 0 0  
31 2 24 0 1.057450E+2 1441454773 0 60 60.1257 -89.78 -999 0 0 0 1000 0 0 1 0 0 0 0  
31 2 25 0 1.057600E+2 1441454835 0 60 60.1257 -89.78 -999 0 0 0 1000 0 0 1 0 0 0 0  
31 2 26 0 1.057750E+2 1441454897 0 60 60.1257 -89.78 -999 0 0 0 1000 0 0 1 0 0 0 0  
31 2 27 0 1.057900E+2 1441454959 0 60 60.1257 -89.78 -999 0 0 0 1000 0 0 1 0 0 0 0  
31 2 28 0 1.058050E+2 1441455022 0 60 60.1257 -89.78 -999 0 0 0 1000 0 0 1 0 0 0 0  
31 2 29 0 1.058200E+2 1441455084 0 60 60.1257 -89.78 -999 0 0 0 1000 0 0 1 0 0 0 0  
31 2 2 0 1.054150E+2 1441453403 0 60 60.1257 -89.78 -999 0 0 0 1000 0 0 1 0 0 0 0  
31 2 30 0 1.058350E+2 1441455146 0 60 60.1257 -89.78 -999 0 0 0 1000 0 0 1 0 0 0 0  
31 2 31 0 1.058500E+2 1441455208 0 60 60.1257 -89.78 -999 0 0 0 1000 0 0 1 0 0 0 0  
31 2 32 0 1.058650E+2 1441455270 0 60 60.1257 -89.78 -999 0 0 0 1000 0 0 1 0 0 0 0  
31 2 33 0 1.058800E+2 1441455333 0 60 60.1257 -89.78 -999 0 0 0 1000 0 0 1 0 0 0 0  
31 2 34 0 1.058950E+2 1441455395 0 60 60.1257 -89.78 -999 0 0 0 1000 0 0 1 0 0 0 0  
31 2 35 0 1.059100E+2 1441455457 0 60 60.1257 -89.78 -999 0 0 0 1000 0 0 1 0 0 0 0  
31 2 36 0 1.059250E+2 1441455519 0 60 60.1257 -89.78 -999 0 0 0 1000 0 0 1 0 0 0 0  
31 2 37 0 1.059400E+2 1441455581 0 60 60.1257 -89.78 -999 0 0 0 1000 0 0 1 0 0 0 0  
31 2 3 0 1.054300E+2 1441453465 0 60 60.1257 -89.78 -999 0 0 0 1000 0 0 1 0 0 0 0  
31 2 4 0 1.054450E+2 1441453528 0 60 60.1257 -89.78 -999 0 0 0 1000 0 0 1 0 0 0 0  
31 2 5 0 1.054600E+2 1441453590 0 60 60.1257 -89.78 -999 0 0 0 1000 0 0 1 0 0 0 0  
31 2 6 0 1.054750E+2 1441453652 0 60 60.1257 -89.78 -999 0 0 0 1000 0 0 1 0 0 0 0  
31 2 7 0 1.054900E+2 1441453714 0 60 60.1257 -89.78 -999 0 0 0 1000 0 0 1 0 0 0 0  
31 2 8 0 1.055050E+2 1441453776 0 60 60.1257 -89.78 -999 0 0 0 1000 0 0 1 0 0 0 0  
31 2 9 0 1.055200E+2 1441453839 0 60 60.1257 -89.78 -999 0 0 0 1000 0 0 1 0 0 0 0  
31 3 10 0 1.055350E+2 1441456205 0 60 60.1257 -89.78 -999 0 0 0 1000 0 0 1 0 0 0 0  
31 3 11 0 1.055500E+2 1441456267 0 60 60.1257 -89.78 -999 0 0 0 1000 0 0 1 0 0 0 0  
31 3 12 0 1.055650E+2 1441456329 0 60 60.1257 -89.78 -999 0 0 0 1000 0 0 1 0 0 0 0  
31 3 13 0 1.055800E+2 1441456392 0 60 60.1257 -89.78 -999 0 0 0 1000 0 0 1 0 0 0 0  
31 3 14 0 1.055950E+2 1441456454 0 60 60.1257 -89.78 -999 0 0 0 1000 0 0 1 0 0 0 0  
31 3 15 0 1.056100E+2 1441456516 0 60 60.1257 -89.78 -999 0 0 0 1000 0 0 1 0 0 0 0  
31 3 16 0 1.056250E+2 1441456578 0 60 60.1257 -89.78 -999 0 0 0 1000 0 0 1 0 0 0 0  
31 3 17 0 1.056400E+2 1441456640 0 60 60.1257 -89.78 -999 0 0 0 1000 0 0 1 0 0 0 0  
31 3 18 0 1.056550E+2 1441456703 0 60 60.1257 -89.78 -999 0 0 0 1000 0 0 1 0 0 0 0  
31 3 19 0 1.056700E+2 1441456765 0 60 60.1257 -89.78 -999 0 0 0 1000 0 0 1 0 0 0 0  
31 3 1 0 1.054000E+2 1441455644 0 60 60.1257 -89.78 -999 0 0 0 1000 0 0 1 0 0 0 0  
31 3 20 0 1.056850E+2 1441456827 0 60 60.1257 -89.78 -999 0 0 0 1000 0 0 1 0 0 0 0  
31 3 21 0 1.057000E+2 1441456889 0 60 60.1257 -89.78 -999 0 0 0 1000 0 0 1 0 0 0 0  
31 3 22 0 1.057150E+2 1441456952 0 60 60.1257 -89.78 -999 0 0 0 1000 0 0 1 0 0 0 0  
31 3 23 0 1.057300E+2 1441457014 0 60 60.1257 -89.78 -999 0 0 0 1000 0 0 1 0 0 0 0  
31 3 24 0 1.057450E+2 1441457077 0 60 60.1257 -89.78 -999 0 0 0 1000 0 0 1 0 0 0 0  
31 3 25 0 1.057600E+2 1441457139 0 60 60.1257 -89.78 -999 0 0 0 1000 0 0 1 0 0 0 0  
31 3 26 0 1.057750E+2 1441457202 0 60 60.1257 -89.7 -999 0 0 0 1000 0 0 1 0 0 0 0  
31 3 27 0 1.057900E+2 1441457264 0 60 60.1257 -89.78 -999 0 0 0 1000 0 0 1 0 0 0 0  
31 3 28 0 1.058050E+2 1441457326 0 60 60.1257 -89.78 -999 0 0 0 1000 0 0 1 0 0 0 0  
31 3 29 0 1.058200E+2 1441457388 0 60 60.1257 -89.78 -999 0 0 0 1000 0 0 1 0 0 0 0  
31 3 2 0 1.054150E+2 1441455706 0 60 60.1257 -89.78 -999 0 0 0 1000 0 0 1 0 0 0 0  
31 3 30 0 1.058350E+2 1441457451 0 60 60.1257 -89.78 -999 0 0 0 1000 0 0 1 0 0 0 0  
31 3 31 0 1.058500E+2 1441457513 0 60 60.1257 -89.78 -999 0 0 0 1000 0 0 1 0 0 0 0  
31 3 32 0 1.058650E+2 1441457575 0 60 60.1257 -89.7 -999 0 0 0 1000 0 0 1 0 0 0 0  
31 3 33 0 1.058800E+2 1441457637 0 60 60.1257 -89.78 -999 0 0 0 1000 0 0 1 0 0 0 0  
31 3 34 0 1.058950E+2 1441457700 0 60 60.1257 -89.78 -999 0 0 0 1000 0 0 1 0 0 0 0  
31 3 35 0 1.059100E+2 1441457762 0 60 60.1257 -89.78 -999 0 0 0 1000 0 0 1 0 0 0 0  
31 3 36 0 1.059250E+2 1441457824 0 60 60.1257 -89.78 -999 0 0 0 1000 0 0 1 0 0 0 0  
31 3 37 0 1.059400E+2 1441457886 0 60 60.1257 -89.78 -999 0 0 0 1000 0 0 1 0 0 0 0  
31 3 3 0 1.054300E+2 1441455769 0 60 60.1257 -89.78 -999 0 0 0 1000 0 0 1 0 0 0 0  
31 3 4 0 1.054450E+2 1441455831 0 60 60.1257 -89.78 -999 0 0 0 1000 0 0 1 0 0 0 0  
31 3 5 0 1.054600E+2 1441455893 0 60 60.1257 -89.78 -999 0 0 0 1000 0 0 1 0 0 0 0  
31 3 6 0 1.054750E+2 1441455956 0 60 60.1257 -89.78 -999 0 0 0 1000 0 0 1 0 0 0 0  
31 3 7 0 1.054900E+2 1441456018 0 60 60.1257 -89.78 -999 0 0 0 1000 0 0 1 0 0 0 0  
31 3 8 0 1.055050E+2 1441456080 0 60 60.1257 -89.78 -999 0 0 0 1000 0 0 1 0 0 0 0  
31 3 9 0 1.055200E+2 1441456142 0 60 60.1257 -89.78 -999 0 0 0 1000 0 0 1 0 0 0 0  
31 4 10 0 1.055350E+2 1441458509 0 60 60.1257 -89.78 -999 0 0 0 1000 0 0 1 0 0 0 0  
31 4 11 0 1.055500E+2 1441458572 0 60 60.1257 -89.7 -999 0 0 0 1000 0 0 1 0 0 0 0  
31 4 12 0 1.055650E+2 1441458634 0 60 60.1257 -89.78 -999 0 0 0 1000 0 0 1 0 0 0 0  
31 4 13 0 1.055800E+2 1441458696 0 60 60.1257 -89.78 -999 0 0 0 1000 0 0 1 0 0 0 0  
31 4 14 0 1.055950E+2 1441458758 0 60 60.1257 -89.78 -999 0 0 0 1000 0 0 1 0 0 0 0  
31 4 15 0 1.056100E+2 1441458820 0 60 60.1257 -89.78 -999 0 0 0 1000 0 0 1 0 0 0 0  
31 4 16 0 1.056250E+2 1441458883 0 60 60.1257 -89.78 -999 0 0 0 1000 0 0 1 0 0 0 0  
31 4 17 0 1.056400E+2 1441458945 0 60 60.1257 -89.78 -999 0 0 0 1000 0 0 1 0 0 0 0  
31 4 18 0 1.056550E+2 1441459007 0 60 60.1257 -89.78 -999 0 0 0 1000 0 0 1 0 0 0 0  
31 4 19 0 1.056700E+2 1441459069 0 60 60.1257 -89.78 -999 0 0 0 1000 0 0 1 0 0 0 0  
31 4 1 0 1.054000E+2 1441457949 0 60 60.1257 -89.7 -999 0 0 0 1000 0 0 1 0 0 0 0  
31 4 20 0 1.056850E+2 1441459131 0 60 60.1257 -89.78 -999 0 0 0 1000 0 0 1 0 0 0 0  
31 4 21 0 1.057000E+2 1441459194 0 60 60.1257 -89.78 -999 0 0 0 1000 0 0 1 0 0 0 0  
31 4 22 0 1.057150E+2 1441459256 0 60 60.1257 -89.78 -999 0 0 0 1000 0 0 1 0 0 0 0  
31 4 23 0 1.057300E+2 1441459318 0 60 60.1257 -89.78 -999 0 0 0 1000 0 0 1 0 0 0 0  
31 4 24 0 1.057450E+2 1441459380 0 60 60.1257 -89.78 -999 0 0 0 1000 0 0 1 0 0 0 0  
31 4 25 0 1.057600E+2 1441459443 0 60 60.1257 -89.78 -999 0 0 0 1000 0 0 1 0 0 0 0  
31 4 26 0 1.057750E+2 1441459505 0 60 60.1257 -89.78 -999 0 0 0 1000 0 0 1 0 0 0 0  
31 4 27 0 1.057900E+2 1441459567 0 60 60.1257 -89.78 -999 0 0 0 1000 0 0 1 0 0 0 0  
31 4 28 0 1.058050E+2 1441459630 0 60 60.1257 -89.78 -999 0 0 0 1000 0 0 1 0 0 0 0  
31 4 29 0 1.058200E+2 1441459692 0 60 60.1257 -89.78 -999 0 0 0 1000 0 0 1 0 0 0 0  
31 4 2 0 1.054150E+2 1441458011 0 60 60.1257 -89.78 -999 0 0 0 1000 0 0 1 0 0 0 0  
31 4 30 0 1.058350E+2 1441459754 0 60 60.1257 -89.78 -999 0 0 0 1000 0 0 1 0 0 0 0  
31 4 31 0 1.058500E+2 1441459816 0 60 60.1257 -89.78 -999 0 0 0 1000 0 0 1 0 0 0 0  
31 4 32 0 1.058650E+2 1441459878 0 60 60.1257 -89.78 -999 0 0 0 1000 0 0 1 0 0 0 0  
31 4 33 0 1.058800E+2 1441459941 0 60 60.1257 -89.78 -999 0 0 0 1000 0 0 1 0 0 0 0  
31 4 34 0 1.058950E+2 1441460003 0 60 60.1257 -89.78 -999 0 0 0 1000 0 0 1 0 0 0 0  
31 4 35 0 1.059100E+2 1441460065 0 60 60.1257 -89.78 -999 0 0 0 1000 0 0 1 0 0 0 0  
31 4 36 0 1.059250E+2 1441460127 0 60 60.1257 -89.78 -999 0 0 0 1000 0 0 1 0 0 0 0  
31 4 37 0 1.059400E+2 1441460190 0 60 60.1257 -89.78 -999 0 0 0 1000 0 0 1 0 0 0 0  
31 4 3 0 1.054300E+2 1441458074 0 60 60.1257 -89.78 -999 0 0 0 1000 0 0 1 0 0 0 0  
31 4 4 0 1.054450E+2 1441458136 0 60 60.1257 -89.78 -999 0 0 0 1000 0 0 1 0 0 0 0  
31 4 5 0 1.054600E+2 1441458198 0 60 60.1257 -89.78 -999 0 0 0 1000 0 0 1 0 0 0 0  
31 4 6 0 1.054750E+2 1441458260 0 60 60.1257 -89.78 -999 0 0 0 1000 0 0 1 0 0 0 0  
31 4 7 0 1.054900E+2 1441458323 0 60 60.1257 -89.78 -999 0 0 0 1000 0 0 1 0 0 0 0  
31 4 8 0 1.055050E+2 1441458385 0 60 60.1257 -89.78 -999 0 0 0 1000 0 0 1 0 0 0 0  
31 4 9 0 1.055200E+2 1441458447 0 60 60.1257 -89.78 -999 0 0 0 1000 0 0 1 0 0 0 0  
33 1 10 0 1.055350E+2 1441461765 0 60 60.1257 -89.78 -999 0 0 0 1000 0 0 1 0 0 0 0  
33 1 11 0 1.055500E+2 1441461828 0 60 60.1257 -89.78 -999 0 0 0 1000 0 0 1 0 0 0 0  
33 1 12 0 1.055650E+2 1441461890 0 60 60.1257 -89.78 -999 0 0 0 1000 0 0 1 0 0 0 0  
33 1 13 0 1.055800E+2 1441461952 0 60 60.1257 -89.78 -999 0 0 0 1000 0 0 1 0 0 0 0  
33 1 14 0 1.055950E+2 1441462014 0 60 60.1257 -89.78 -999 0 0 0 1000 0 0 1 0 0 0 0  
33 1 15 0 1.056100E+2 1441462077 0 60 60.1257 -89.78 -999 0 0 0 1000 0 0 1 0 0 0 0  
33 1 16 0 1.056250E+2 1441462139 0 60 60.1257 -89.78 -999 0 0 0 1000 0 0 1 0 0 0 0  
33 1 17 0 1.056400E+2 1441462201 0 60 60.1257 -89.78 -999 0 0 0 1000 0 0 1 0 0 0 0  
33 1 18 0 1.056550E+2 1441462263 0 60 60.1257 -89.78 -999 0 0 0 1000 0 0 1 0 0 0 0  
33 1 19 0 1.056700E+2 1441462326 0 60 60.1257 -89.78 -999 0 0 0 1000 0 0 1 0 0 0 0  
33 1 1 0 1.054000E+2 1441461205 0 60 60.1257 -89.7 -999 0 0 0 1000 0 0 1 0 0 0 0  
33 1 20 0 1.056850E+2 1441462388 0 60 60.1257 -89.78 -999 0 0 0 1000 0 0 1 0 0 0 0  
33 1 21 0 1.057000E+2 1441462450 0 60 60.1257 -89.78 -999 0 0 0 1000 0 0 1 0 0 0 0  
33 1 22 0 1.057150E+2 1441462513 0 60 60.1257 -89.78 -999 0 0 0 1000 0 0 1 0 0 0 0  
33 1 23 0 1.057300E+2 1441462575 0 60 60.1257 -89.78 -999 0 0 0 1000 0 0 1 0 0 0 0  
33 1 24 0 1.057450E+2 1441462637 0 60 60.1257 -89.78 -999 0 0 0 1000 0 0 1 0 0 0 0  
33 1 25 0 1.057600E+2 1441462699 0 60 60.1257 -89.78 -999 0 0 0 1000 0 0 1 0 0 0 0  
33 1 26 0 1.057750E+2 1441462761 0 60 60.1257 -89.78 -999 0 0 0 1000 0 0 1 0 0 0 0  
33 1 27 0 1.057900E+2 1441462824 0 60 60.1257 -89.78 -999 0 0 0 1000 0 0 1 0 0 0 0  
33 1 28 0 1.058050E+2 1441462886 0 60 60.1257 -89.78 -999 0 0 0 1000 0 0 1 0 0 0 0  
33 1 29 0 1.058200E+2 1441462948 0 60 60.1257 -89.78 -999 0 0 0 1000 0 0 1 0 0 0 0  
33 1 2 0 1.054150E+2 1441461268 0 60 60.1257 -90.65 -999 0 0 0 1000 0 0 1 0 0 0 0  
33 1 30 0 1.058350E+2 1441463010 0 60 60.1257 -89.78 -999 0 0 0 1000 0 0 1 0 0 0 0  
33 1 31 0 1.058500E+2 1441463073 0 60 60.1257 -89.78 -999 0 0 0 1000 0 0 1 0 0 0 0  
33 1 32 0 1.058650E+2 1441463135 0 60 60.1257 -89.78 -999 0 0 0 1000 0 0 1 0 0 0 0  
33 1 33 0 1.058800E+2 1441463197 0 60 60.1257 -89.78 -999 0 0 0 1000 0 0 1 0 0 0 0  
33 1 34 0 1.058950E+2 1441463259 0 60 60.1257 -89.78 -999 0 0 0 1000 0 0 1 0 0 0 0  
33 1 35 0 1.059100E+2 1441463321 0 60 60.1257 -89.78 -999 0 0 0 1000 0 0 1 0 0 0 0  
33 1 36 0 1.059250E+2 1441463384 0 60 60.1257 -89.78 -999 0 0 0 1000 0 0 1 0 0 0 0  
33 1 37 0 1.059400E+2 1441463446 0 60 60.1257 -89.78 -999 0 0 0 1000 0 0 1 0 0 0 0  
33 1 3 0 1.054300E+2 1441461330 0 60 60.1257 -89.94 -999 0 0 0 1000 0 0 1 0 0 0 0  
33 1 4 0 1.054450E+2 1441461392 0 60 60.1257 -89.7 -999 0 0 0 1000 0 0 1 0 0 0 0  
33 1 5 0 1.054600E+2 1441461454 0 60 60.1257 -89.7 -999 0 0 0 1000 0 0 1 0 0 0 0  
33 1 6 0 1.054750E+2 1441461516 0 60 60.1257 -89.78 -999 0 0 0 1000 0 0 1 0 0 0 0  
33 1 7 0 1.054900E+2 1441461579 0 60 60.1257 -89.78 -999 0 0 0 1000 0 0 1 0 0 0 0  
33 1 8 0 1.055050E+2 1441461641 0 60 60.1257 -89.78 -999 0 0 0 1000 0 0 1 0 0 0 0  
33 1 9 0 1.055200E+2 1441461703 0 60 60.1257 -89.78 -999 0 0 0 1000 0 0 1 0 0 0 0  
33 2 10 0 1.055350E+2 1441464069 0 60 60.1257 -89.78 -999 0 0 0 1000 0 0 1 0 0 0 0  
33 2 11 0 1.055500E+2 1441464131 0 60 60.1257 -89.78 -999 0 0 0 1000 0 0 1 0 0 0 0  
33 2 12 0 1.055650E+2 1441464193 0 60 60.1257 -89.78 -999 0 0 0 1000 0 0 1 0 0 0 0  
33 2 13 0 1.055800E+2 1441464256 0 60 60.1257 -89.78 -999 0 0 0 1000 0 0 1 0 0 0 0  
33 2 14 0 1.055950E+2 1441464318 0 60 60.1257 -89.78 -999 0 0 0 1000 0 0 1 0 0 0 0  
33 2 15 0 1.056100E+2 1441464380 0 60 60.1257 -89.78 -999 0 0 0 1000 0 0 1 0 0 0 0  
33 2 16 0 1.056250E+2 1441464442 0 60 60.1257 -89.78 -999 0 0 0 1000 0 0 1 0 0 0 0  
33 2 17 0 1.056400E+2 1441464504 0 60 60.1257 -89.78 -999 0 0 0 1000 0 0 1 0 0 0 0  
33 2 18 0 1.056550E+2 1441464567 0 60 60.1257 -89.78 -999 0 0 0 1000 0 0 1 0 0 0 0  
33 2 19 0 1.056700E+2 1441464629 0 60 60.1257 -89.78 -999 0 0 0 1000 0 0 1 0 0 0 0  
33 2 1 0 1.054000E+2 1441463509 0 60 60.1257 -89.78 -999 0 0 0 1000 0 0 1 0 0 0 0  
33 2 20 0 1.056850E+2 1441464691 0 60 60.1257 -89.78 -999 0 0 0 1000 0 0 1 0 0 0 0  
33 2 21 0 1.057000E+2 1441464753 0 60 60.1257 -89.78 -999 0 0 0 1000 0 0 1 0 0 0 0  
33 2 22 0 1.057150E+2 1441464815 0 60 60.1257 -89.78 -999 0 0 0 1000 0 0 1 0 0 0 0  
33 2 23 0 1.057300E+2 1441464878 0 60 60.1257 -89.78 -999 0 0 0 1000 0 0 1 0 0 0 0  
33 2 24 0 1.057450E+2 1441464940 0 60 60.1257 -89.78 -999 0 0 0 1000 0 0 1 0 0 0 0  
33 2 25 0 1.057600E+2 1441465002 0 60 60.1257 -89.78 -999 0 0 0 1000 0 0 1 0 0 0 0  
33 2 26 0 1.057750E+2 1441465065 0 60 60.1257 -89.78 -999 0 0 0 1000 0 0 1 0 0 0 0  
33 2 27 0 1.057900E+2 1441465127 0 60 60.1257 -89.78 -999 0 0 0 1000 0 0 1 0 0 0 0  
33 2 28 0 1.058050E+2 1441465189 0 60 60.1257 -89.78 -999 0 0 0 1000 0 0 1 0 0 0 0  
33 2 29 0 1.058200E+2 1441465251 0 60 60.1257 -89.78 -999 0 0 0 1000 0 0 1 0 0 0 0  
33 2 2 0 1.054150E+2 1441463571 0 60 60.1257 -89.78 -999 0 0 0 1000 0 0 1 0 0 0 0  
33 2 30 0 1.058350E+2 1441465314 0 60 60.1257 -89.7 -999 0 0 0 1000 0 0 1 0 0 0 0  
33 2 31 0 1.058500E+2 1441465376 0 60 60.1257 -89.78 -999 0 0 0 1000 0 0 1 0 0 0 0  
33 2 32 0 1.058650E+2 1441465439 0 60 60.1257 -89.78 -999 0 0 0 1000 0 0 1 0 0 0 0  
33 2 33 0 1.058800E+2 1441465501 0 60 60.1257 -89.78 -999 0 0 0 1000 0 0 1 0 0 0 0  
33 2 34 0 1.058950E+2 1441465563 0 60 60.1257 -89.78 -999 0 0 0 1000 0 0 1 0 0 0 0  
33 2 35 0 1.059100E+2 1441465625 0 60 60.1257 -89.78 -999 0 0 0 1000 0 0 1 0 0 0 0  
33 2 36 0 1.059250E+2 1441465688 0 60 60.1257 -89.78 -999 0 0 0 1000 0 0 1 0 0 0 0  
33 2 37 0 1.059400E+2 1441465750 0 60 60.1257 -89.78 -999 0 0 0 1000 0 0 1 0 0 0 0  
33 2 3 0 1.054300E+2 1441463633 0 60 60.1257 -89.78 -999 0 0 0 1000 0 0 1 0 0 0 0  
33 2 4 0 1.054450E+2 1441463696 0 60 60.1257 -89.78 -999 0 0 0 1000 0 0 1 0 0 0 0  
33 2 5 0 1.054600E+2 1441463758 0 60 60.1257 -89.78 -999 0 0 0 1000 0 0 1 0 0 0 0  
33 2 6 0 1.054750E+2 1441463820 0 60 60.1257 -89.78 -999 0 0 0 1000 0 0 1 0 0 0 0  
33 2 7 0 1.054900E+2 1441463882 0 60 60.1257 -89.78 -999 0 0 0 1000 0 0 1 0 0 0 0  
33 2 8 0 1.055050E+2 1441463944 0 60 60.1257 -89.78 -999 0 0 0 1000 0 0 1 0 0 0 0  
33 2 9 0 1.055200E+2 1441464007 0 60 60.1257 -89.78 -999 0 0 0 1000 0 0 1 0 0 0 0  
33 3 10 0 1.055350E+2 1441466373 0 60 60.1257 -89.78 -999 0 0 0 1000 0 0 1 0 0 0 0  
33 3 11 0 1.055500E+2 1441466435 0 60 60.1257 -89.78 -999 0 0 0 1000 0 0 1 0 0 0 0  
33 3 12 0 1.055650E+2 1441466497 0 60 60.1257 -89.78 -999 0 0 0 1000 0 0 1 0 0 0 0  
33 3 13 0 1.055800E+2 1441466560 0 60 60.1257 -89.78 -999 0 0 0 1000 0 0 1 0 0 0 0  
33 3 14 0 1.055950E+2 1441466622 0 60 60.1257 -89.78 -999 0 0 0 1000 0 0 1 0 0 0 0  
33 3 15 0 1.056100E+2 1441466684 0 60 60.1257 -89.78 -999 0 0 0 1000 0 0 1 0 0 0 0  
33 3 16 0 1.056250E+2 1441466746 0 60 60.1257 -89.78 -999 0 0 0 1000 0 0 1 0 0 0 0  
33 3 17 0 1.056400E+2 1441466809 0 60 60.1257 -89.78 -999 0 0 0 1000 0 0 1 0 0 0 0  
33 3 18 0 1.056550E+2 1441466871 0 60 60.1257 -89.78 -999 0 0 0 1000 0 0 1 0 0 0 0  
33 3 19 0 1.056700E+2 1441466933 0 60 60.1257 -89.78 -999 0 0 0 1000 0 0 1 0 0 0 0  
33 3 1 0 1.054000E+2 1441465812 0 60 60.1257 -89.78 -999 0 0 0 1000 0 0 1 0 0 0 0  
33 3 20 0 1.056850E+2 1441466996 0 60 60.1257 -89.7 -999 0 0 0 1000 0 0 1 0 0 0 0  
33 3 21 0 1.057000E+2 1441467058 0 60 60.1257 -89.78 -999 0 0 0 1000 0 0 1 0 0 0 0  
33 3 22 0 1.057150E+2 1441467120 0 60 60.1257 -89.78 -999 0 0 0 1000 0 0 1 0 0 0 0  
33 3 23 0 1.057300E+2 1441467183 0 60 60.1257 -89.78 -999 0 0 0 1000 0 0 1 0 0 0 0  
33 3 24 0 1.057450E+2 1441467245 0 60 60.1257 -89.78 -999 0 0 0 1000 0 0 1 0 0 0 0  
33 3 25 0 1.057600E+2 1441467308 0 60 60.1257 -89.78 -999 0 0 0 1000 0 0 1 0 0 0 0  
33 3 26 0 1.057750E+2 1441467370 0 60 60.1257 -89.78 -999 0 0 0 1000 0 0 1 0 0 0 0  
33 3 27 0 1.057900E+2 1441467432 0 60 60.1257 -89.78 -999 0 0 0 1000 0 0 1 0 0 0 0  
33 3 28 0 1.058050E+2 1441467494 0 60 60.1257 -89.78 -999 0 0 0 1000 0 0 1 0 0 0 0  
33 3 29 0 1.058200E+2 1441467557 0 60 60.1257 -89.78 -999 0 0 0 1000 0 0 1 0 0 0 0  
33 3 2 0 1.054150E+2 1441465875 0 60 60.1257 -89.78 -999 0 0 0 1000 0 0 1 0 0 0 0  
33 3 30 0 1.058350E+2 1441467619 0 60 60.1257 -89.78 -999 0 0 0 1000 0 0 1 0 0 0 0  
33 3 31 0 1.058500E+2 1441467681 0 60 60.1257 -89.78 -999 0 0 0 1000 0 0 1 0 0 0 0  
33 3 32 0 1.058650E+2 1441467743 0 60 60.1257 -89.78 -999 0 0 0 1000 0 0 1 0 0 0 0  
33 3 33 0 1.058800E+2 1441467806 0 60 60.1257 -89.78 -999 0 0 0 1000 0 0 1 0 0 0 0  
33 3 34 0 1.058950E+2 1441467868 0 60 60.1257 -89.78 -999 0 0 0 1000 0 0 1 0 0 0 0  
33 3 35 0 1.059100E+2 1441467930 0 60 60.1257 -89.78 -999 0 0 0 1000 0 0 1 0 0 0 0  
33 3 36 0 1.059250E+2 1441467993 0 60 60.1257 -89.78 -999 0 0 0 1000 0 0 1 0 0 0 0  
33 3 37 0 1.059400E+2 1441468055 0 60 60.1257 -89.78 -999 0 0 0 1000 0 0 1 0 0 0 0  
33 3 3 0 1.054300E+2 1441465937 0 60 60.1257 -89.78 -999 0 0 0 1000 0 0 1 0 0 0 0  
33 3 4 0 1.054450E+2 1441465999 0 60 60.1257 -89.7 -999 0 0 0 1000 0 0 1 0 0 0 0  
33 3 5 0 1.054600E+2 1441466062 0 60 60.1257 -89.78 -999 0 0 0 1000 0 0 1 0 0 0 0  
33 3 6 0 1.054750E+2 1441466124 0 60 60.1257 -89.78 -999 0 0 0 1000 0 0 1 0 0 0 0  
33 3 7 0 1.054900E+2 1441466186 0 60 60.1257 -89.78 -999 0 0 0 1000 0 0 1 0 0 0 0  
33 3 8 0 1.055050E+2 1441466248 0 60 60.1257 -89.78 -999 0 0 0 1000 0 0 1 0 0 0 0  
33 3 9 0 1.055200E+2 1441466310 0 60 60.1257 -89.7 -999 0 0 0 1000 0 0 1 0 0 0 0  
33 4 10 0 1.055350E+2 1441468678 0 60 60.1257 -89.78 -999 0 0 0 1000 0 0 1 0 0 0 0  
33 4 11 0 1.055500E+2 1441468740 0 60 60.1257 -89.78 -999 0 0 0 1000 0 0 1 0 0 0 0  
33 4 12 0 1.055650E+2 1441468803 0 60 60.1257 -89.78 -999 0 0 0 1000 0 0 1 0 0 0 0  
33 4 13 0 1.055800E+2 1441468865 0 60 60.1257 -89.78 -999 0 0 0 1000 0 0 1 0 0 0 0  
33 4 14 0 1.055950E+2 1441468927 0 60 60.1257 -89.78 -999 0 0 0 1000 0 0 1 0 0 0 0  
33 4 15 0 1.056100E+2 1441468989 0 60 60.1257 -89.78 -999 0 0 0 1000 0 0 1 0 0 0 0  
33 4 16 0 1.056250E+2 1441469051 0 60 60.1257 -89.78 -999 0 0 0 1000 0 0 1 0 0 0 0  
33 4 17 0 1.056400E+2 1441469114 0 60 60.1257 -89.78 -999 0 0 0 1000 0 0 1 0 0 0 0  
33 4 18 0 1.056550E+2 1441469176 0 60 60.1257 -89.78 -999 0 0 0 1000 0 0 1 0 0 0 0  
33 4 19 0 1.056700E+2 1441469238 0 60 60.1257 -89.78 -999 0 0 0 1000 0 0 1 0 0 0 0  
33 4 1 0 1.054000E+2 1441468118 0 60 60.1257 -89.78 -999 0 0 0 1000 0 0 1 0 0 0 0  
33 4 20 0 1.056850E+2 1441469300 0 60 60.1257 -89.78 -999 0 0 0 1000 0 0 1 0 0 0 0  
33 4 21 0 1.057000E+2 1441469363 0 60 60.1257 -89.78 -999 0 0 0 1000 0 0 1 0 0 0 0  
33 4 22 0 1.057150E+2 1441469425 0 60 60.1257 -89.78 -999 0 0 0 1000 0 0 1 0 0 0 0  
33 4 23 0 1.057300E+2 1441469487 0 60 60.1257 -89.78 -999 0 0 0 1000 0 0 1 0 0 0 0  
33 4 24 0 1.057450E+2 1441469549 0 60 60.1257 -89.78 -999 0 0 0 1000 0 0 1 0 0 0 0  
33 4 25 0 1.057600E+2 1441469612 0 60 60.1257 -89.78 -999 0 0 0 1000 0 0 1 0 0 0 0  
33 4 26 0 1.057750E+2 1441469674 0 60 60.1257 -89.78 -999 0 0 0 1000 0 0 1 0 0 0 0  
33 4 27 0 1.057900E+2 1441469736 0 60 60.1257 -89.78 -999 0 0 0 1000 0 0 1 0 0 0 0  
33 4 28 0 1.058050E+2 1441469798 0 60 60.1257 -89.78 -999 0 0 0 1000 0 0 1 0 0 0 0  
33 4 29 0 1.058200E+2 1441469861 0 60 60.1257 -89.78 -999 0 0 0 1000 0 0 1 0 0 0 0  
33 4 2 0 1.054150E+2 1441468180 0 60 60.1257 -89.78 -999 0 0 0 1000 0 0 1 0 0 0 0  
33 4 30 0 1.058350E+2 1441469923 0 60 60.1257 -89.78 -999 0 0 0 1000 0 0 1 0 0 0 0  
33 4 31 0 1.058500E+2 1441469985 0 60 60.1257 -89.78 -999 0 0 0 1000 0 0 1 0 0 0 0  
33 4 32 0 1.058650E+2 1441470048 0 60 60.1257 -89.78 -999 0 0 0 1000 0 0 1 0 0 0 0  
33 4 33 0 1.058800E+2 1441470110 0 60 60.1257 -89.78 -999 0 0 0 1000 0 0 1 0 0 0 0  
33 4 34 0 1.058950E+2 1441470172 0 60 60.1257 -89.78 -999 0 0 0 1000 0 0 1 0 0 0 0  
33 4 35 0 1.059100E+2 1441470234 0 60 60.1257 -89.78 -999 0 0 0 1000 0 0 1 0 0 0 0  
33 4 36 0 1.059250E+2 1441470297 0 60 60.1257 -89.78 -999 0 0 0 1000 0 0 1 0 0 0 0  
33 4 37 0 1.059400E+2 1441470359 0 60 60.1257 -89.78 -999 0 0 0 1000 0 0 1 0 0 0 0  
33 4 3 0 1.054300E+2 1441468242 0 60 60.1257 -89.78 -999 0 0 0 1000 0 0 1 0 0 0 0  
33 4 4 0 1.054450E+2 1441468304 0 60 60.1257 -89.78 -999 0 0 0 1000 0 0 1 0 0 0 0  
33 4 5 0 1.054600E+2 1441468367 0 60 60.1257 -89.78 -999 0 0 0 1000 0 0 1 0 0 0 0  
33 4 6 0 1.054750E+2 1441468429 0 60 60.1257 -89.78 -999 0 0 0 1000 0 0 1 0 0 0 0  
33 4 7 0 1.054900E+2 1441468491 0 60 60.1257 -89.78 -999 0 0 0 1000 0 0 1 0 0 0 0  
33 4 8 0 1.055050E+2 1441468554 0 60 60.1257 -89.78 -999 0 0 0 1000 0 0 1 0 0 0 0  
33 4 9 0 1.055200E+2 1441468616 0 60 60.1257 -89.78 -999 0 0 0 1000 0 0 1 0 0 0 0  
